262,251,44,110
262,254,44,110
260,251,44,111
261,251,45,112
263,253,44,111
260,250,45,113
260,251,45,113
262,253,45,113
260,248,46,115
260,251,46,115
259,250,46,117
259,246,47,118
260,246,48,120
260,245,48,121
261,247,48,120
258,245,48,120
259,245,47,119
259,246,48,120
259,247,48,120
261,248,47,118
261,246,47,118
260,247,47,118
260,252,46,117
261,249,46,116
261,248,46,117
261,247,46,117
261,250,47,117
259,244,48,120
259,248,47,118
259,250,47,118
261,247,47,118
259,246,47,118
258,242,48,120
259,241,48,122
260,241,49,122
259,241,49,124
258,248,50,125
258,248,49,124
260,250,49,124
261,255,49,123
261,257,49,122
263,258,47,119
265,255,47,118
269,257,47,118
272,255,47,118
276,246,46,116
277,246,46,115
265,237,45,113
265,235,45,113
248,231,45,114
219,229,45,113
189,229,45,113
167,236,44,111
134,242,45,113
111,249,44,110
96,256,44,110
94,257,43,109
95,264,43,107
98,267,42,107
100,272,42,106
99,275,41,104
100,276,41,104
99,277,41,104
101,276,41,104
99,278,41,103
100,277,41,103
99,277,40,101
99,277,40,100
100,279,39,98
100,282,39,98
102,283,39,98
101,283,38,96
99,283,38,95
100,285,37,93
101,286,37,92
100,284,36,92
99,287,36,91
100,287,36,90
101,289,35,88
101,289,35,88
101,288,35,88
99,289,35,88
100,287,35,89
101,282,35,89
98,272,35,88
98,260,36,91
98,261,36,91
100,264,36,90
99,264,35,88
99,263,35,89
98,263,35,89
98,263,35,88
98,265,35,88
99,267,35,89
98,264,35,89
98,266,36,90
98,264,35,89
98,265,36,91
97,263,36,92
98,265,36,92
99,271,37,93
98,263,37,93
99,260,37,93
97,264,37,94
97,263,37,93
97,261,37,94
97,263,38,95
98,266,39,97
98,266,39,98
98,264,39,98
98,262,39,99
97,262,39,98
98,264,39,99
97,262,40,100
96,265,40,100
97,266,39,99
97,263,39,99
96,262,39,99
97,260,40,100
96,260,40,101
97,261,40,100
97,264,41,102
97,265,40,101
97,263,41,103
97,260,41,104
97,258,42,105
95,265,41,103
112,241,41,103
99,248,40,100
96,260,41,102
95,261,41,104
96,263,41,104
98,254,41,104
97,267,42,105
97,267,42,105
98,264,42,105
98,268,42,106
99,264,42,107
98,265,42,107
98,265,43,108
97,264,43,108
100,265,43,107
98,265,43,108
99,266,42,107
98,263,43,107
99,267,43,108
98,261,43,109
98,263,44,111
98,259,44,112
96,263,45,113
97,258,45,112
97,260,44,112
99,257,45,112
99,256,45,114
97,259,45,113
99,260,44,112
100,266,44,110
99,269,44,111
100,271,44,110
100,273,43,107
99,276,42,106
101,279,42,105
100,275,42,105
102,278,41,104
104,277,41,102
105,279,40,101
107,279,40,101
111,279,39,99
114,275,39,97
118,274,39,98
124,271,38,97
132,264,38,96
144,254,39,97
165,244,40,100
181,237,40,101
214,233,40,102
236,231,41,102
252,234,41,102
263,238,42,105
271,249,42,105
274,250,42,105
273,259,42,106
270,264,43,107
269,264,42,106
266,265,43,107
268,261,43,107
267,264,43,108
267,264,42,107
267,266,42,106
268,264,42,107
266,256,42,107
265,252,43,107
264,252,42,107
266,253,42,106
266,258,42,105
266,255,42,105
266,255,42,107
265,255,42,106
266,258,43,107
266,256,43,107
267,256,42,107
264,255,43,108
266,256,43,108
265,257,43,108
266,247,43,108
265,223,43,108
264,262,42,107
265,254,42,106
265,256,42,105
266,253,41,104
266,257,41,104
265,254,42,105
265,255,41,104
266,253,42,105
266,254,41,103
267,259,41,102
267,256,41,103
266,255,41,103
266,257,41,103
266,252,41,104
266,255,42,106
266,253,42,106
266,254,42,105
265,255,42,106
266,252,43,108
265,252,43,109
264,247,45,113
264,248,46,115
264,247,45,114
263,254,45,113
264,251,45,114
264,252,45,114
263,251,46,115
262,251,46,116
262,248,46,115
265,250,45,114
264,250,45,113
264,255,44,112
263,252,44,111
264,253,45,112
267,257,45,113
265,251,45,113
265,253,44,112
266,253,44,112
267,256,44,110
265,253,43,109
265,255,44,111
266,256,44,110
266,256,44,110
266,250,45,113
266,254,45,113
266,250,45,114
265,253,45,114
265,254,46,117
266,251,47,117
266,249,47,119
265,247,47,119
265,246,47,119
264,249,47,118
267,251,47,119
266,249,46,116
265,249,46,116
265,249,47,117
266,252,46,117
266,248,47,117
265,245,47,118
264,248,48,120
265,250,47,119
266,252,47,119
267,258,47,117
269,261,46,115
269,261,45,114
269,266,45,113
269,264,45,114
271,260,44,111
272,260,44,111
273,262,43,108
278,260,44,111
282,260,44,111
293,263,44,111
301,264,44,111
313,267,43,109
323,266,43,108
335,269,43,109
348,267,43,107
360,266,43,109
372,262,44,110
381,263,44,110
390,263,44,111
397,266,44,111
402,265,44,112
405,269,44,111
408,269,43,108
408,268,43,109
409,271,42,106
411,270,42,106
411,273,41,103
409,270,40,102
410,268,40,102
408,268,41,102
409,268,41,103
409,266,41,104
410,267,40,102
410,266,40,102
408,266,41,104
410,268,41,102
409,266,41,102
409,265,40,102
408,266,41,103
409,264,41,103
409,266,41,103
409,265,40,101
410,268,41,102
409,266,40,102
408,268,41,102
410,266,41,102
410,269,41,104
411,265,41,103
411,267,41,103
411,267,41,104
412,267,42,107
411,264,43,107
411,264,44,110
411,264,43,108
412,264,44,110
411,269,44,111
412,267,44,112
413,268,44,111
413,268,44,111
413,266,43,108
413,266,43,108
411,263,43,107
412,261,43,109
411,262,44,112
411,261,44,112
412,264,44,110
411,269,43,108
411,267,44,110
410,263,44,110
411,265,44,111
412,262,44,112
410,262,46,115
411,262,46,115
411,262,46,115
411,261,47,117
411,261,46,117
411,263,46,117
411,262,47,117
410,259,47,119
411,262,47,118
410,258,48,120
411,263,48,121
412,256,49,122
410,256,49,123
411,257,49,122
413,258,48,121
410,259,49,123
411,258,49,124
410,255,50,125
411,259,49,123
412,255,50,125
412,258,49,124
411,254,49,124
410,255,49,123
410,256,49,123
410,259,49,123
410,261,49,124
411,259,49,123
410,259,49,123
412,259,48,122
409,260,48,120
410,255,48,120
409,262,48,120
411,258,48,120
411,260,48,121
411,260,48,120
411,258,47,119
412,257,47,119
409,259,48,120
412,262,47,118
410,260,47,119
409,257,48,121
411,260,48,121
411,256,49,122
410,259,49,122
409,257,49,123
409,260,48,121
413,262,48,121
409,260,48,121
410,258,49,123
410,257,49,122
410,256,48,121
411,257,47,119
411,255,48,120
410,256,48,121
408,255,48,121
409,257,48,122
409,256,49,123
408,257,49,123
409,256,48,122
410,257,47,119
410,257,47,118
410,258,47,118
410,258,46,117
408,259,47,119
407,259,47,119
409,260,47,118
408,256,47,118
408,259,47,119
410,256,47,118
408,256,48,121
409,256,48,122
411,257,49,122
410,258,49,123
409,257,49,123
408,257,50,125
411,257,50,125
407,256,49,123
410,256,48,121
410,254,49,123
409,253,49,122
409,258,48,120
410,259,48,121
409,258,49,123
410,259,48,122
411,258,49,123
410,254,48,121
410,260,48,121
408,257,48,120
411,257,47,118
409,255,47,118
411,257,46,117
411,258,47,117
410,257,46,116
408,258,46,115
411,260,46,116
408,260,45,114
410,259,45,114
411,261,45,114
411,261,45,113
411,262,45,113
412,263,44,111
411,261,44,112
410,262,44,111
410,262,44,111
411,262,44,111
411,268,44,110
412,269,44,111
411,267,44,110
401,265,43,108
395,264,43,108
374,254,42,106
365,244,43,107
355,243,44,110
337,234,44,110
327,232,43,109
307,236,44,110
293,237,43,109
279,241,44,110
267,242,44,110
260,239,44,111
255,241,45,112
252,246,44,111
249,254,45,113
248,255,45,113
246,260,45,112
246,260,45,112
247,262,43,109
248,254,43,108
249,258,42,105
249,257,41,103
248,259,41,104
248,256,41,104
247,255,42,105
246,253,42,106
247,254,42,106
247,258,42,106
247,256,42,105
247,248,42,105
247,254,41,104
247,254,42,106
245,256,42,106
244,254,42,107
246,257,42,106
246,258,42,105
246,256,42,106
245,260,42,105
246,256,42,105
247,257,42,106
246,255,43,108
244,261,42,107
245,257,43,108
246,254,43,108
245,255,43,109
244,254,44,111
243,252,44,110
244,255,44,112
244,257,45,113
244,256,45,112
244,256,45,113
244,256,45,113
245,256,44,111
244,243,45,112
245,245,45,113
248,249,44,111
248,244,44,111
249,241,44,110
251,264,43,109
254,257,43,109
261,270,44,110
277,265,44,112
319,221,44,111
335,220,45,113
351,226,45,114
361,232,45,114
362,236,46,116
364,243,46,116
363,245,47,118
359,258,47,118
358,253,47,118
358,256,47,118
356,253,47,118
358,252,46,117
357,254,47,117
357,258,47,118
358,257,46,117
359,255,46,115
359,258,46,116
359,256,46,115
358,258,46,115
357,257,46,115
358,261,46,115
358,259,46,115
357,258,46,116
357,258,47,118
358,255,47,118
358,258,46,117
358,258,46,116
358,256,45,114
359,261,45,114
359,258,46,115
359,256,46,115
359,258,46,115
359,259,46,117
357,256,46,116
356,256,46,117
357,254,47,117
358,256,47,117
359,258,46,115
358,257,46,115
357,259,46,115
360,257,46,116
357,258,46,116
358,260,46,117
359,259,45,114
356,257,45,114
358,257,45,114
359,257,46,115
358,256,46,116
357,256,47,117
358,259,47,118
357,255,47,118
359,261,47,117
359,257,46,116
359,256,46,115
359,255,46,115
358,257,46,116
360,259,47,117
358,257,46,116
359,258,46,115
357,259,46,115
358,262,45,114
361,259,45,113
357,258,45,113
358,261,45,113
360,256,45,114
358,261,45,113
360,260,45,114
358,258,46,115
359,258,46,115
356,257,45,114
359,256,45,114
361,256,45,113
359,259,45,114
359,259,46,115
359,257,46,115
359,256,46,116
360,259,46,116
359,261,46,115
359,258,45,113
360,259,45,113
360,258,44,112
358,259,44,112
359,256,45,112
359,259,45,114
359,259,45,114
358,258,45,113
361,259,44,112
360,259,45,113
359,259,45,113
361,258,45,114
360,262,44,112
359,261,45,112
358,260,45,113
359,260,44,112
359,257,45,114
360,255,46,115
359,259,46,115
358,256,46,115
359,263,45,113
360,256,45,114
358,259,45,114
358,254,46,116
357,258,47,117
358,261,46,115
360,263,45,113
358,266,45,112
362,260,44,110
359,259,43,109
359,253,44,110
358,257,43,109
363,256,44,110
370,255,44,110
374,241,44,111
378,222,43,108
385,200,43,108
384,170,43,109
374,153,44,110
350,131,44,111
320,127,44,111
295,141,44,110
262,152,44,110
229,185,44,110
213,215,44,111
203,245,44,111
200,259,43,108
199,276,42,107
199,286,43,107
198,291,42,106
197,297,41,104
194,294,40,102
197,295,40,100
195,294,39,99
197,296,38,97
198,299,38,96
197,297,38,96
197,299,38,96
196,298,37,94
196,296,36,92
195,285,37,94
196,277,37,93
196,280,37,93
196,283,38,95
196,284,38,96
196,286,38,96
199,288,38,96
195,280,38,97
196,282,38,95
196,282,37,93
197,285,37,93
197,279,37,93
195,281,37,92
198,283,36,92
197,284,37,93
197,284,36,92
196,287,36,91
213,255,37,92
189,266,37,92
196,279,36,91
196,288,36,91
195,292,36,92
195,287,36,91
195,285,37,92
196,286,36,92
196,287,37,92
196,288,36,92
195,284,36,91
