334,84,17,19
333,85,17,19
332,86,17,19
332,86,17,19
330,87,17,19
328,87,17,19
325,88,17,19
323,89,18,20
322,92,18,20
319,94,18,20
317,98,18,20
315,100,18,20
312,102,18,21
309,103,18,20
307,104,18,20
306,104,19,21
305,105,18,21
304,104,19,21
302,104,19,21
302,104,19,21
301,103,19,21
301,104,18,21
301,103,18,21
300,104,18,20
300,103,18,21
299,103,18,21
298,104,19,21
296,104,19,21
295,104,19,21
295,105,19,21
294,104,18,21
294,104,18,21
293,105,19,21
290,105,19,21
288,106,19,21
287,107,19,21
284,109,19,21
284,108,19,21
283,108,19,21
282,108,19,21
281,108,19,22
280,109,19,22
278,109,20,22
275,110,20,22
273,111,19,22
271,112,19,22
268,114,19,22
265,116,19,22
262,117,19,22
260,117,19,21
258,119,19,21
254,120,19,21
251,121,19,21
249,122,19,21
247,124,19,21
244,125,18,21
243,125,18,20
241,126,18,20
240,127,18,20
238,128,18,20
236,128,18,20
234,128,18,21
232,129,18,21
230,129,19,21
229,129,19,21
228,129,19,21
227,129,19,21
227,129,18,21
225,129,19,21
224,130,19,21
223,129,19,21
222,129,19,21
221,130,19,21
220,128,18,21
219,128,18,20
218,128,18,20
218,127,18,20
218,129,18,20
217,127,18,20
216,128,18,20
216,128,18,20
214,128,18,20
214,128,17,19
213,127,17,19
213,128,17,19
212,128,17,19
211,129,17,19
210,129,17,19
209,129,17,19
207,131,17,19
205,131,17,19
204,132,17,19
203,133,17,19
201,132,17,19
200,133,17,19
200,132,17,19
197,131,17,19
196,129,17,19
195,131,16,18
194,130,16,18
193,130,17,19
192,130,17,19
191,131,17,19
189,130,17,19
188,131,16,18
187,131,16,18
187,131,16,18
185,131,17,19
184,131,17,19
182,131,16,18
181,131,17,19
180,132,17,19
178,131,17,19
177,132,17,19
177,132,17,19
175,132,17,19
174,133,17,19
173,133,17,19
172,134,17,19
171,135,17,19
170,134,17,19
170,134,17,19
169,135,17,19
167,134,17,19
167,134,17,19
166,134,17,19
165,135,17,19
164,134,18,20
163,136,18,20
162,138,18,20
163,139,18,20
162,141,18,20
161,143,18,20
160,143,18,20
159,144,18,20
157,143,18,20
156,144,18,20
156,144,18,20
156,146,18,20
155,148,18,20
154,150,18,20
153,152,18,20
152,155,18,20
152,157,18,20
151,158,18,20
150,160,18,20
150,162,18,20
149,164,18,20
148,165,18,20
147,167,18,20
146,169,18,20
144,173,18,20
143,175,18,21
142,176,18,20
141,178,19,21
140,179,18,21
139,181,18,20
138,183,18,21
138,185,19,21
137,187,19,21
135,188,19,21
135,188,19,21
134,189,19,21
133,190,19,22
133,190,19,22
130,193,19,22
129,194,19,22
127,196,19,21
125,197,19,22
124,199,19,22
123,199,19,22
123,199,19,22
122,200,19,22
121,201,19,22
121,200,19,22
120,201,19,22
119,203,20,22
117,204,20,22
115,206,20,22
114,209,20,22
113,210,20,22
112,211,20,22
112,213,20,22
112,216,20,22
111,218,20,22
110,221,20,22
109,224,20,22
108,225,20,22
107,227,20,22
106,226,20,22
105,228,20,22
105,228,20,23
105,228,20,23
104,227,20,23
104,226,20,23
104,227,21,23
104,225,21,23
104,224,20,22
104,223,20,22
104,220,21,23
103,217,21,23
103,214,21,23
104,210,20,22
105,205,20,23
105,202,20,22
105,196,20,23
106,191,20,23
108,185,20,23
109,179,20,23
111,173,20,23
112,169,20,23
114,166,21,23
116,163,21,23
117,161,21,23
120,160,21,23
122,160,20,23
124,158,20,23
126,154,21,23
128,153,21,23
131,150,21,24
133,148,21,24
135,146,21,24
138,143,21,24
140,139,21,24
143,137,22,24
144,134,21,24
146,131,21,24
148,130,22,24
150,128,22,24
153,126,22,24
155,124,22,24
156,123,22,25
159,122,22,24
160,120,22,25
162,119,22,24
163,118,22,24
164,117,22,24
164,117,21,24
165,115,21,24
165,116,21,24
165,115,21,23
165,116,20,23
165,115,20,23
166,115,20,23
166,117,20,22
167,116,20,22
167,116,20,22
168,115,20,22
168,116,20,22
168,116,20,23
166,116,21,23
167,116,21,23
166,116,21,23
165,117,21,23
165,117,20,23
164,117,20,23
163,118,20,22
163,117,20,22
162,117,19,22
163,116,19,22
162,116,20,22
161,115,20,22
161,115,19,22
160,115,19,22
161,114,20,22
163,113,19,22
164,112,19,22
164,111,19,22
164,110,19,22
166,111,19,21
167,110,19,21
167,112,18,21
169,112,18,20
168,113,18,20
168,115,18,20
167,115,18,20
165,116,18,20
165,117,18,20
165,119,18,20
165,120,18,20
164,121,18,20
164,121,18,20
166,122,18,20
166,122,17,19
166,124,17,19
167,123,17,20
169,123,17,19
169,122,17,19
167,121,17,19
166,122,17,19
162,122,17,19
161,122,17,19
159,122,17,20
157,121,17,20
157,121,17,19
157,120,17,19
158,121,17,19
157,120,17,19
158,121,17,19
158,121,17,19
157,121,17,19
157,121,17,19
156,121,17,19
156,122,17,19
156,122,17,19
154,123,17,19
155,123,17,19
155,123,17,19
154,122,17,19
154,124,17,19
152,123,17,19
149,123,17,19
148,123,17,19
146,124,17,19
145,123,16,18
144,124,16,18
141,123,17,19
141,124,16,18
140,124,17,19
140,123,17,19
138,123,17,19
139,124,17,19
138,123,17,19
137,123,17,19
136,123,17,19
136,123,17,19
135,122,17,19
134,121,17,19
134,120,17,19
133,119,17,19
133,119,17,19
133,118,17,19
132,117,17,19
131,116,17,19
131,117,17,19
130,116,17,20
129,116,17,20
128,115,17,20
128,114,17,19
126,112,18,20
126,111,18,20
125,109,17,20
124,108,17,19
123,108,17,19
122,108,18,20
121,107,18,20
120,106,18,20
119,105,18,20
119,103,18,20
118,102,18,21
117,101,18,21
115,100,18,21
114,98,18,21
113,97,19,21
112,99,19,21
112,98,19,21
111,98,19,21
111,97,19,22
109,96,19,21
107,96,19,21
106,95,19,22
106,95,20,22
105,94,20,22
105,94,20,22
104,94,20,22
103,94,20,22
102,93,20,22
101,94,20,22
101,94,19,22
100,94,19,22
99,95,19,22
98,95,19,21
96,95,19,21
95,96,19,21
93,95,18,21
92,95,19,21
91,96,19,21
91,97,19,21
91,97,19,21
90,96,19,22
90,97,19,22
89,97,19,22
88,96,20,22
87,97,20,22
85,97,20,22
83,97,20,22
82,97,19,22
79,96,20,22
77,98,20,22
76,98,20,22
75,98,20,22
74,98,20,22
73,98,20,22
73,98,20,22
72,98,20,22
70,98,20,22
69,98,20,22
67,98,20,23
65,98,20,22
64,98,20,23
64,99,20,22
61,99,20,22
60,99,19,22
59,99,20,22
58,99,20,22
57,99,19,22
56,101,20,22
55,100,20,22
54,101,20,22
53,101,20,22
52,101,20,22
50,101,19,22
49,101,19,22
48,101,19,21
47,101,19,21
46,101,19,21
45,101,19,21
44,101,19,22
43,101,19,22
42,102,20,22
40,101,20,22
40,102,19,21
38,101,19,21
38,101,19,21
37,102,19,21
35,101,19,21
35,102,19,21
33,101,19,21
32,101,19,22
31,101,19,22
30,101,19,22
29,102,19,22
28,101,20,22
27,102,20,22
26,101,20,22
25,102,20,22
24,101,20,22
23,101,20,22
22,102,20,22
20,101,20,22
20,101,20,22
19,101,20,22
19,101,19,22
18,101,19,22
17,102,19,22
17,101,20,22
16,101,19,22
15,101,20,22
14,102,20,22
13,101,20,22
