439,190,119,307
442,196,119,309
438,184,122,315
443,189,120,311
443,180,123,319
442,186,124,321
440,179,127,328
443,179,128,330
447,182,127,328
446,179,128,331
447,183,127,327
450,185,125,324
454,187,125,323
455,188,125,322
455,188,124,321
461,183,124,322
465,191,124,319
465,187,124,321
465,181,126,326
468,187,125,323
470,188,124,321
468,186,125,324
471,185,126,325
473,182,127,328
475,191,123,318
476,189,123,319
478,187,123,318
478,189,123,317
479,181,125,322
479,181,126,327
477,179,127,329
476,175,125,324
483,173,125,323
476,179,124,320
478,169,124,321
466,173,123,318
458,169,123,318
453,166,123,318
440,163,123,319
430,164,122,316
416,152,123,317
408,147,122,316
391,144,121,312
376,148,120,311
361,151,121,314
345,151,120,309
331,148,120,311
321,142,120,312
311,146,121,313
297,148,122,314
282,149,122,315
270,148,121,314
260,160,120,309
242,155,122,314
231,157,121,313
215,151,119,308
201,153,118,305
195,151,116,301
187,148,115,297
179,146,115,297
167,148,116,299
157,156,116,301
145,153,116,299
138,145,117,302
128,152,116,300
120,151,115,297
120,147,113,292
108,159,110,284
106,155,108,278
103,160,108,279
100,163,108,278
101,157,106,273
98,170,106,273
97,172,104,268
100,168,102,265
100,171,101,261
95,169,100,259
97,185,99,257
91,181,100,259
88,173,101,261
85,185,100,258
83,189,100,259
85,195,100,258
82,184,99,257
80,186,99,257
76,190,99,257
76,186,98,253
77,191,95,247
73,196,96,248
71,193,95,245
72,195,96,249
66,200,96,248
70,200,95,245
67,198,93,242
69,205,94,243
66,206,92,239
68,202,91,237
63,204,90,233
66,203,89,231
68,205,88,228
66,211,88,229
65,210,89,230
63,209,88,228
60,207,88,228
62,206,87,226
55,212,87,226
54,211,88,227
49,212,88,228
50,221,87,226
47,217,87,226
42,221,87,225
40,219,87,225
38,217,87,225
34,214,86,222
37,217,87,226
30,213,89,230
30,206,89,231
31,208,91,235
34,212,90,234
32,215,91,235
36,216,92,237
42,212,90,234
47,217,90,233
53,223,89,231
62,221,88,228
69,230,87,224
81,217,87,224
86,229,85,221
93,240,84,217
103,243,83,215
108,242,82,213
114,246,83,215
118,245,84,217
126,249,82,211
133,264,80,208
136,257,80,208
142,264,79,206
149,263,79,206
152,269,81,209
162,261,81,208
166,264,80,207
171,265,79,204
172,260,80,206
177,269,80,208
182,274,80,208
189,278,80,208
197,275,81,210
201,277,79,206
207,272,80,206
211,265,81,210
213,268,81,210
216,270,81,209
215,271,81,211
215,267,82,213
214,269,82,211
213,272,81,209
217,265,81,209
213,269,81,211
216,271,80,206
213,269,81,210
210,270,82,214
209,267,83,216
209,265,84,217
210,267,83,215
212,261,83,215
209,266,85,220
213,261,84,217
209,260,84,216
212,263,83,214
211,265,82,213
212,260,83,215
212,256,83,215
215,260,82,213
216,252,82,213
219,263,82,212
221,260,82,212
220,260,82,211
225,265,81,209
226,269,80,206
230,265,79,205
231,271,79,205
230,274,79,205
232,267,79,206
235,265,80,208
237,270,80,206
239,271,80,207
240,274,80,208
239,270,79,205
238,263,79,205
242,268,78,203
242,264,79,204
245,277,79,204
246,272,79,205
245,266,79,204
244,261,78,202
244,269,77,201
248,259,79,203
248,254,77,199
247,258,77,199
250,263,76,196
252,263,77,199
252,258,75,195
250,254,75,195
253,254,75,194
253,255,75,193
253,248,73,190
255,240,73,188
257,243,73,189
256,239,72,186
258,238,72,187
257,232,72,187
259,228,73,189
263,226,72,187
263,225,72,187
261,219,72,187
264,217,72,187
268,220,70,182
269,214,70,182
272,212,70,180
273,214,69,180
272,212,69,178
273,210,69,179
273,220,67,174
274,220,67,172
273,216,65,170
273,221,65,168
273,214,65,167
269,218,63,164
275,205,63,162
271,207,62,160
269,205,60,157
269,208,60,154
268,198,59,153
268,193,58,150
268,185,58,152
269,182,58,150
266,170,57,147
262,174,56,146
261,171,56,145
260,169,55,143
254,164,54,140
250,161,53,137
245,159,53,137
239,160,52,135
231,155,52,136
227,153,52,135
219,156,52,134
212,160,51,134
206,159,50,131
193,159,49,128
189,159,49,127
188,160,49,127
181,164,48,124
172,164,48,123
167,163,47,122
165,165,46,118
159,172,46,118
154,176,45,117
152,179,45,116
146,188,45,117
148,191,45,116
146,194,45,116
148,201,44,115
146,203,44,115
148,208,44,115
149,208,45,116
158,203,44,116
165,204,44,114
169,206,44,115
173,205,44,115
182,203,43,113
189,205,43,112
200,201,42,110
211,198,41,107
218,194,42,108
229,189,43,111
237,185,42,110
246,179,43,111
258,171,43,111
265,167,43,111
274,166,43,111
284,160,42,110
291,162,43,111
302,157,43,112
309,158,44,115
319,159,44,115
326,160,44,114
336,154,43,113
344,160,44,115
349,162,44,115
355,162,45,117
363,167,46,119
369,171,45,117
376,173,45,117
382,175,45,116
391,182,44,115
399,187,44,115
408,190,45,117
411,193,46,118
416,193,45,118
418,193,46,119
420,191,46,119
423,189,46,119
422,187,46,121
421,182,46,120
420,175,46,120
421,174,46,120
418,173,47,122
419,173,46,120
420,168,46,118
418,163,46,120
417,159,46,120
416,160,46,119
416,158,45,118
412,161,46,119
409,162,45,118
404,161,45,117
400,163,45,116
397,166,45,117
397,166,45,117
392,171,46,119
390,173,45,117
394,176,46,119
395,177,46,120
395,185,46,120
398,193,46,119
398,198,46,119
403,204,45,118
407,212,45,116
400,220,46,120
406,220,46,120
409,219,46,120
408,219,46,119
409,216,45,118
405,211,46,120
402,203,46,119
398,198,46,120
393,193,45,118
392,191,45,118
388,188,45,117
387,179,46,118
383,177,45,117
381,170,45,117
379,167,45,117
374,163,45,117
369,163,44,115
370,156,45,116
359,160,45,116
355,160,44,115
353,158,44,115
349,157,44,114
347,157,44,113
343,148,43,112
344,130,44,113
340,138,44,114
338,151,45,116
333,155,45,117
333,149,45,116
329,133,45,117
331,115,45,117
327,116,45,117
324,118,45,116
320,118,45,116
321,117,45,116
314,118,45,117
311,119,45,116
308,119,44,114
306,118,44,115
303,119,44,115
298,116,44,114
295,114,45,116
291,118,45,117
290,117,45,117
289,120,45,116
285,116,44,114
282,117,45,116
284,118,45,117
284,118,45,118
285,122,45,117
284,124,45,116
287,127,45,118
290,127,46,119
292,133,45,117
297,134,45,117
296,146,44,115
303,152,44,115
303,160,44,114
304,168,44,114
307,176,45,116
311,185,45,116
315,193,44,115
318,200,44,115
321,207,44,113
327,213,44,113
332,212,44,115
337,217,44,114
346,215,44,113
350,217,44,113
358,220,44,114
367,217,44,114
376,212,44,114
382,210,44,114
386,208,44,115
388,207,44,115
394,196,45,116
397,193,44,115
398,186,44,115
398,180,45,117
391,180,45,117
393,168,45,116
397,154,44,115
398,139,44,115
391,139,45,118
389,132,47,121
390,123,47,121
387,117,47,123
379,114,49,126
372,113,49,128
373,108,49,128
357,105,51,132
354,107,51,133
347,106,52,135
338,105,53,136
332,106,53,137
326,102,53,138
315,107,54,139
305,104,53,138
295,105,54,139
290,105,54,141
281,102,54,140
274,103,55,142
270,104,55,142
263,100,55,144
256,104,56,146
249,100,56,146
240,105,56,145
232,104,57,147
222,100,57,148
215,99,57,148
201,106,56,146
198,101,56,146
187,103,57,147
176,100,56,145
167,105,56,146
159,102,57,148
149,100,58,151
144,98,60,156
138,103,60,157
135,103,61,157
135,102,60,157
130,114,61,158
130,111,61,158
131,116,60,156
129,126,61,159
132,124,61,157
132,125,60,157
135,129,60,154
140,129,60,156
142,128,61,157
145,138,61,159
151,143,61,158
157,149,60,156
163,148,61,157
171,149,62,160
176,157,62,160
186,162,62,161
194,165,62,161
202,164,62,162
210,160,62,161
221,168,61,159
230,171,61,159
239,169,61,159
249,164,61,159
260,173,60,157
270,173,61,158
277,180,61,157
285,176,61,159
293,168,62,161
304,173,62,161
312,174,63,164
322,176,62,161
333,173,63,163
341,176,63,162
349,176,64,165
355,177,65,169
363,176,66,172
372,177,66,170
380,181,66,171
388,182,66,171
392,177,65,169
401,178,66,171
407,184,66,172
414,181,65,169
420,181,65,168
422,177,65,168
427,182,65,169
432,184,66,170
437,181,66,171
438,186,66,171
441,186,66,171
443,185,66,170
446,197,66,170
446,185,64,167
449,187,64,165
450,185,65,169
451,188,65,168
454,181,65,168
453,187,64,166
454,179,64,165
456,183,63,165
456,190,63,163
456,180,64,166
459,175,64,166
461,182,65,167
460,178,64,166
461,190,63,164
461,186,64,166
464,187,64,165
462,186,63,164
464,186,61,159
466,179,61,159
463,186,62,160
466,185,62,160
466,178,61,158
464,179,61,159
466,178,62,161
466,177,62,161
465,176,62,160
463,176,61,159
461,173,62,160
460,170,61,158
456,165,61,159
451,165,62,160
450,167,62,160
445,171,63,164
441,166,63,164
436,162,62,162
430,157,62,161
425,161,61,159
416,157,61,158
407,155,62,161
397,155,62,161
388,152,61,159
380,150,62,162
368,143,63,163
359,149,62,162
347,146,62,162
340,144,63,164
332,146,63,162
322,141,64,165
312,142,64,165
304,139,64,166
294,135,64,165
290,134,62,162
282,128,62,161
270,136,62,161
266,127,62,160
262,126,62,161
254,123,62,160
251,119,61,159
245,115,62,159
244,115,62,161
238,117,61,159
239,117,61,158
236,121,61,158
233,112,61,159
233,113,62,160
227,116,61,159
228,119,62,160
227,117,60,156
226,122,61,158
224,118,61,159
225,120,60,157
225,115,61,159
227,111,60,155
225,114,60,155
224,120,59,154
225,119,59,153
229,117,60,155
228,116,60,156
229,116,60,155
232,115,61,157
233,121,61,159
234,124,62,162
236,122,63,164
240,129,62,162
245,125,62,161
248,130,63,163
250,124,63,164
253,127,64,166
255,134,62,161
260,130,61,159
260,131,61,159
264,130,61,158
263,130,60,157
265,129,61,159
268,125,62,160
271,133,60,155
270,132,59,154
271,130,58,151
273,132,59,152
269,134,59,153
271,133,60,156
271,130,59,154
272,134,60,155
270,131,60,155
271,136,60,155
271,135,60,156
272,132,60,156
272,136,60,157
270,131,61,157
270,135,61,157
272,136,62,160
272,135,61,159
273,134,61,158
273,139,60,156
272,134,59,153
276,138,59,154
275,140,59,154
277,131,59,154
277,141,59,153
280,138,59,154
280,139,58,152
281,137,58,151
282,137,59,152
283,137,59,153
283,138,59,152
284,137,59,152
285,138,58,151
283,134,59,152
289,131,59,152
292,137,59,152
294,136,58,151
294,141,58,150
295,139,59,153
296,141,59,154
297,140,59,154
297,142,59,154
299,143,59,154
298,150,59,154
298,148,59,153
298,150,58,151
297,143,59,152
298,149,58,151
299,152,59,154
298,153,59,154
296,149,59,152
296,152,59,153
293,143,59,154
295,148,58,151
291,143,58,150
289,147,58,150
287,144,56,146
285,151,56,144
283,148,55,142
283,152,55,143
280,151,55,143
278,157,55,143
278,157,55,143
277,161,54,140
276,148,53,138
275,153,54,139
273,149,54,139
273,155,54,140
275,153,54,139
278,156,54,139
276,153,54,139
275,158,53,139
272,150,53,138
272,151,53,137
272,152,52,136
272,158,52,136
271,154,53,136
269,159,53,136
269,160,52,134
270,154,52,135
269,153,52,136
269,149,53,137
269,146,53,136
266,147,54,139
265,149,53,138
265,145,54,141
263,149,54,141
262,146,54,141
268,148,55,141
268,148,55,142
267,149,55,144
267,150,56,145
270,148,56,145
270,146,56,146
269,141,58,149
271,144,57,149
272,147,57,149
267,142,57,148
267,142,58,150
263,141,57,148
263,134,57,149
256,125,59,153
253,123,59,153
251,122,58,152
248,119,59,152
248,115,58,151
246,119,59,152
247,117,59,152
246,118,59,153
243,120,59,153
246,120,59,154
242,125,60,154
241,131,58,151
241,125,60,155
236,122,60,155
236,121,60,156
233,119,61,158
232,118,61,159
228,110,63,162
225,106,63,164
219,98,64,167
217,96,65,168
213,91,66,170
207,90,66,171
205,87,66,172
198,89,68,175
194,85,68,176
190,78,68,176
183,72,70,181
177,74,71,185
174,68,70,182
168,72,70,182
167,69,71,183
164,71,71,184
162,67,72,186
163,71,72,187
162,65,72,187
164,80,73,188
166,78,73,190
166,81,75,193
168,79,75,194
173,74,74,193
178,80,73,189
181,82,73,190
188,78,75,195
193,75,75,195
199,80,76,196
203,78,75,194
208,81,75,193
219,82,75,193
224,80,75,194
230,86,75,195
238,84,75,193
243,87,75,193
249,94,74,192
258,95,74,192
258,94,73,189
260,98,74,191
265,102,74,191
267,100,74,193
271,106,72,187
273,111,73,190
274,114,72,188
278,119,72,187
279,115,72,187
279,119,73,190
283,119,74,191
281,120,75,195
284,122,76,197
286,130,77,200
290,132,77,199
289,131,78,201
291,126,78,202
293,125,79,204
293,123,78,203
293,121,78,202
293,123,78,202
297,122,78,203
300,126,78,201
304,118,79,204
306,122,78,202
305,119,79,205
308,126,78,201
308,123,78,203
